P3
50 50
255
0 0 255	0 0 255	0 0 255	0 0 255	0 0 255	0 0 255	0 0 255	0 0 255	0 0 255	0 0 255	0 0 255	0 0 255	0 0 255	0 0 255	0 0 255	0 0 255	0 0 255	0 0 255	0 0 255	0 0 255	0 0 255	0 0 255	0 0 255	0 0 255	255 0 255	255 0 255	255 0 255	255 0 255	255 0 255	255 0 255	255 0 255	255 0 255	255 0 255	255 0 255	255 0 255	255 0 255	255 0 255	255 0 255	255 0 255	255 0 255	255 0 255	255 0 255	255 0 255	255 0 255	255 0 255	255 0 255	255 0 255	191 14 254	255 0 255	255 0 255	
0 0 255	0 0 255	0 0 255	0 0 255	0 0 255	0 0 255	0 0 255	0 0 255	0 0 255	0 0 255	0 0 255	0 0 255	0 0 255	0 0 255	0 0 255	0 0 255	0 0 255	0 0 255	0 0 255	0 0 255	0 0 255	0 0 255	0 0 255	0 0 255	255 0 255	255 0 255	255 0 255	255 0 255	255 0 255	255 0 255	255 0 255	255 0 255	255 0 255	255 0 255	255 0 255	255 0 255	255 0 255	255 0 255	255 0 255	255 0 255	255 0 255	255 0 255	255 0 255	255 0 255	255 0 255	255 0 255	255 0 255	166 63 254	255 0 255	255 0 255	
0 0 255	0 0 255	0 0 255	0 0 255	90 72 140	0 0 255	66 20 129	0 0 255	0 0 255	0 0 255	0 0 255	0 0 255	0 0 255	0 0 255	0 0 255	0 0 255	0 0 255	0 0 255	0 0 255	0 0 255	0 0 255	0 0 255	0 0 255	0 0 255	255 0 255	255 0 255	255 0 255	255 0 255	255 0 255	255 0 255	255 0 255	255 0 255	255 0 255	255 0 255	255 0 255	255 0 255	255 0 255	255 0 255	255 0 255	255 0 255	255 0 255	255 0 255	255 0 255	255 0 255	255 0 255	255 0 255	255 0 255	255 0 255	255 0 255	255 0 255	
0 0 255	0 0 255	0 0 255	0 0 255	0 0 255	0 0 255	0 0 255	0 0 255	0 0 255	0 0 255	0 0 255	0 0 255	0 0 255	0 0 255	0 0 255	47 62 150	0 0 255	0 0 255	0 0 255	0 0 255	0 0 255	0 0 255	0 0 255	0 0 255	255 0 255	255 0 255	255 0 255	255 0 255	255 0 255	255 0 255	255 0 255	255 0 255	255 0 255	255 0 255	255 0 255	255 0 255	255 0 255	255 0 255	255 0 255	255 0 255	255 0 255	255 0 255	255 0 255	255 0 255	255 0 255	255 0 255	255 0 255	255 0 255	255 0 255	255 0 255	
0 0 255	0 0 255	0 0 255	0 0 255	0 0 255	0 0 255	0 0 255	0 0 255	0 0 255	0 0 255	0 0 255	0 0 255	0 0 255	0 0 255	0 0 255	0 0 255	0 0 255	0 0 255	0 0 255	0 0 255	0 0 255	0 0 255	0 0 255	0 255 255	0 255 255	0 255 255	0 255 255	255 0 255	255 0 255	255 0 255	255 0 255	255 0 255	255 0 255	255 0 255	255 0 255	255 0 255	255 0 255	255 0 255	255 0 255	255 0 255	255 0 255	255 0 255	255 0 255	255 0 255	255 0 255	255 0 255	255 0 255	255 0 255	255 0 255	255 0 255	
0 0 255	0 0 255	0 0 255	0 0 255	0 0 255	0 0 255	0 0 255	0 0 255	0 0 255	0 0 255	0 0 255	0 0 255	0 0 255	0 0 255	0 0 255	0 0 255	10 13 150	0 0 255	0 0 255	0 0 255	0 0 255	0 0 255	0 0 255	0 255 255	0 255 255	0 255 255	0 255 255	255 0 255	255 0 255	255 0 255	255 0 255	255 0 255	255 0 255	255 0 255	255 0 255	255 0 255	215 78 176	244 5 184	255 0 255	255 0 255	255 0 255	255 0 255	255 0 255	255 0 255	255 0 255	255 0 255	255 0 255	255 0 255	255 0 255	255 0 255	
0 0 255	0 0 255	0 0 255	89 23 209	0 0 255	0 0 255	0 0 255	0 0 255	0 0 255	0 0 255	0 0 255	0 47 172	0 0 255	0 0 255	0 0 255	0 0 255	0 0 255	0 0 255	0 0 255	0 0 255	0 0 255	0 0 255	0 0 255	0 255 255	0 255 255	0 255 255	0 255 255	255 0 255	255 0 255	255 0 255	255 0 255	255 0 255	255 0 255	255 0 255	255 0 255	255 0 255	255 0 255	255 0 255	255 0 255	255 0 255	255 0 255	255 0 255	255 0 255	255 0 255	255 0 255	255 0 255	255 0 255	255 0 255	255 0 255	255 0 255	
0 0 255	0 0 255	0 0 255	0 0 255	0 0 255	0 0 255	0 0 255	0 0 255	0 0 255	0 0 255	0 0 255	0 0 255	0 0 255	0 0 255	0 0 255	0 0 255	0 0 255	0 0 255	0 0 255	0 0 255	0 0 255	0 0 255	0 0 255	0 255 255	0 255 255	0 255 255	0 255 255	255 0 255	199 51 177	255 0 255	255 0 255	255 0 255	255 0 255	255 0 255	255 0 255	255 0 255	195 1 147	255 0 255	255 0 255	255 0 255	255 0 255	255 0 255	255 0 255	255 0 255	255 0 255	255 0 255	255 0 255	255 0 255	255 0 255	255 0 255	
0 0 255	0 0 255	0 0 255	0 0 255	0 0 255	0 0 255	0 0 255	0 0 255	0 0 255	0 0 255	0 0 255	0 0 255	0 0 255	0 0 255	0 0 255	0 0 255	0 0 255	0 0 255	0 0 255	0 0 255	0 0 255	0 0 255	0 0 255	0 255 255	0 255 255	0 255 255	0 255 255	255 0 255	255 0 255	255 0 255	255 0 255	255 0 255	255 0 255	255 0 255	255 0 255	255 0 255	255 0 255	255 0 255	255 0 255	255 0 255	255 0 255	255 0 255	255 0 255	255 0 255	255 0 255	255 0 255	255 0 255	255 0 255	255 0 255	255 0 255	
0 0 255	0 0 255	0 0 255	0 0 255	0 0 255	0 0 255	0 0 255	0 0 255	0 0 255	0 0 255	0 0 255	0 0 255	0 0 255	0 0 255	0 0 255	0 0 255	0 0 255	0 0 255	0 0 255	0 0 255	0 0 255	0 0 255	171 35 96	0 255 255	0 255 255	0 255 255	0 255 255	255 0 255	255 0 255	255 0 255	255 0 255	255 0 255	255 0 255	255 0 255	255 0 255	255 0 255	255 0 255	255 0 255	255 0 255	255 0 255	255 0 255	255 0 255	255 0 255	255 0 255	255 0 255	255 0 255	255 0 255	255 0 255	255 0 255	255 0 255	
0 0 255	0 0 255	0 0 255	0 0 255	0 0 255	0 0 255	0 0 255	0 0 255	0 0 255	0 0 255	0 0 255	0 0 255	0 0 255	0 0 255	0 0 255	0 0 255	0 0 255	0 0 255	0 0 255	0 0 255	255 0 0	255 0 0	255 0 0	255 0 0	0 255 255	0 255 255	0 255 255	255 0 255	193 57 194	255 0 255	255 0 255	255 0 255	255 0 255	255 0 255	255 0 255	255 0 255	255 0 255	255 0 255	255 0 255	255 0 255	255 0 255	255 0 255	255 0 255	255 0 255	255 0 255	255 0 255	255 0 255	255 0 255	255 0 255	255 0 255	
0 0 255	0 0 255	0 0 255	0 0 255	0 0 255	0 0 255	0 0 255	0 0 255	0 0 255	0 0 255	0 0 255	0 0 255	0 0 255	0 0 255	0 0 255	0 0 255	0 0 255	0 0 255	255 0 0	255 0 0	255 0 0	255 0 0	255 0 0	255 0 0	0 255 255	0 255 255	0 255 255	255 0 255	224 14 137	255 0 255	255 0 255	255 0 255	255 0 255	255 0 255	255 0 255	255 0 255	255 0 255	255 0 255	255 0 255	255 0 255	255 0 255	255 0 255	255 0 255	255 0 255	255 0 255	255 0 255	255 0 255	255 0 255	255 0 255	255 0 255	
0 0 255	0 0 255	0 0 255	0 0 255	0 0 255	0 0 255	0 0 255	0 0 255	0 0 255	0 0 255	0 0 255	0 0 255	0 0 255	0 0 255	0 0 255	0 0 255	0 0 255	0 0 255	255 0 0	255 0 0	255 0 0	255 0 0	255 0 0	255 0 0	0 255 255	0 255 255	0 255 255	255 0 255	255 0 255	255 0 255	255 0 255	255 0 255	255 0 255	255 0 255	255 0 255	255 0 255	255 0 255	255 0 255	255 0 255	255 0 255	255 0 255	255 0 255	255 0 255	255 0 255	255 0 255	255 0 255	255 0 255	255 0 255	255 0 255	255 0 255	
0 0 255	0 0 255	0 0 255	0 0 255	0 0 255	0 0 255	0 0 255	0 0 255	0 0 255	0 0 255	0 0 255	0 0 255	0 0 255	0 0 255	255 0 0	255 0 0	255 0 0	255 0 0	255 0 0	255 0 0	255 0 0	255 0 0	255 0 0	255 0 0	0 255 255	0 255 255	0 255 255	255 0 255	255 0 255	255 0 255	255 0 255	255 0 255	255 0 255	255 0 255	255 0 255	255 0 255	255 0 255	255 0 255	255 0 255	255 0 255	255 0 255	255 0 255	255 0 255	255 0 255	255 0 255	255 0 255	255 0 255	255 0 255	255 0 255	255 0 255	
0 0 255	0 0 255	0 0 255	0 0 255	0 0 255	0 0 255	0 0 255	0 0 255	0 0 255	0 0 255	0 0 255	0 0 255	255 0 0	255 0 0	255 0 0	255 0 0	255 0 0	255 0 0	255 0 0	255 0 0	255 0 0	255 0 0	255 0 0	255 0 0	0 255 255	0 255 255	0 255 255	255 0 255	255 0 255	255 0 255	255 0 255	255 0 255	255 0 255	255 0 255	255 0 255	255 0 255	255 0 255	255 0 255	255 0 255	255 0 255	255 0 255	255 0 255	255 0 255	255 0 255	255 0 255	255 0 255	255 0 255	255 0 255	255 0 255	255 0 255	
0 0 255	0 0 255	0 0 255	0 0 255	0 0 255	0 0 255	0 0 255	0 0 255	0 0 255	0 0 255	255 0 0	255 0 0	255 0 0	255 0 0	255 0 0	255 0 0	255 0 0	255 0 0	255 0 0	186 23 47	255 0 0	255 0 0	255 0 0	255 0 0	0 255 255	0 255 255	0 255 255	0 255 255	255 0 255	255 0 255	255 0 255	255 0 255	255 0 255	255 0 255	255 0 255	255 0 255	255 0 255	255 0 255	255 0 255	255 0 255	255 0 255	255 0 255	255 0 255	255 0 255	255 0 255	255 0 255	255 0 255	255 0 255	255 0 255	255 0 255	
0 0 255	0 0 255	0 0 255	0 255 0	0 255 0	0 255 0	0 255 0	0 0 255	0 0 255	255 0 0	255 0 0	255 0 0	255 0 0	255 0 0	255 0 0	255 0 0	255 0 0	255 0 0	255 0 0	255 0 0	255 0 0	255 0 0	255 0 0	255 0 0	205 84 234	0 255 255	0 255 255	0 255 255	0 255 255	0 255 255	0 255 255	0 255 255	0 255 255	255 0 255	255 0 255	255 0 255	255 0 255	255 0 255	255 0 255	255 0 255	255 0 255	255 0 255	255 0 255	255 0 255	255 0 255	255 0 255	255 0 255	255 0 255	255 0 255	255 0 255	
0 0 255	0 0 255	0 0 255	0 255 0	0 255 0	0 255 0	0 255 0	0 0 255	0 0 255	255 0 0	6 252 67	0 255 0	255 0 0	0 255 0	0 255 0	0 255 0	255 0 0	174 127 115	0 255 0	0 255 0	0 255 0	255 0 0	0 255 0	0 255 0	0 255 0	0 255 255	0 255 0	0 255 0	0 255 0	0 255 0	0 255 0	0 255 255	0 255 255	0 255 255	0 255 255	255 0 255	255 0 255	255 0 255	255 0 255	255 0 255	255 0 255	255 255 0	255 255 0	255 255 0	255 255 0	255 255 0	255 255 0	255 0 255	255 0 255	255 0 255	
0 0 255	0 0 255	0 0 255	0 255 0	0 255 0	0 255 0	0 255 0	0 255 0	0 255 0	0 255 0	0 255 0	0 255 0	0 255 0	0 255 0	0 255 0	0 255 0	0 255 0	0 255 0	0 255 0	0 255 0	0 255 0	0 255 0	0 255 0	0 255 0	0 255 0	0 255 0	0 255 0	0 255 0	0 255 0	0 255 0	0 255 0	0 255 255	0 255 255	0 255 255	0 255 255	0 255 255	0 255 255	0 255 255	0 255 255	0 255 255	0 255 255	0 255 255	0 255 255	0 255 255	0 255 255	0 255 255	255 255 0	255 0 255	255 0 255	255 0 255	
0 0 255	0 0 255	0 0 255	0 255 0	0 255 0	0 255 0	0 255 0	0 255 0	0 255 0	0 255 0	0 255 0	0 255 0	0 255 0	0 255 0	0 255 0	0 255 0	0 255 0	0 255 0	0 255 0	0 255 0	0 255 0	0 255 0	0 255 0	0 255 0	0 255 0	0 255 0	0 255 0	0 255 0	0 255 0	0 255 0	0 255 0	56 169 160	0 255 255	0 255 255	0 255 255	0 255 255	0 255 255	0 255 255	0 255 255	0 255 255	0 255 255	0 255 255	0 255 255	0 255 255	0 255 255	0 255 255	255 255 0	255 0 255	255 0 255	255 0 255	
0 0 255	0 0 255	0 0 255	0 255 0	0 255 0	0 255 0	0 255 0	0 255 0	0 255 0	0 255 0	0 255 0	0 255 0	0 255 0	0 255 0	0 255 0	0 255 0	0 255 0	0 255 0	0 255 0	0 255 0	0 255 0	0 255 0	0 255 0	0 255 0	0 255 0	0 255 0	0 255 0	0 255 0	0 255 0	0 255 0	0 255 0	88 107 161	134 112 37	255 255 0	255 255 0	255 255 0	255 255 0	255 255 0	255 255 0	129 129 24	255 255 0	0 255 255	0 255 255	0 255 255	0 255 255	0 255 255	255 255 0	255 0 255	255 0 255	255 0 255	
0 0 255	0 0 255	0 0 255	0 255 0	0 255 0	0 255 0	0 255 0	0 255 0	0 255 0	0 255 0	0 255 0	0 255 0	0 255 0	0 255 0	0 255 0	0 255 0	0 255 0	0 255 0	0 255 0	0 255 0	0 255 0	0 255 0	0 255 0	0 255 0	0 255 0	0 255 0	0 255 0	0 255 0	0 255 0	0 255 0	0 255 0	216 254 110	255 255 0	255 255 0	255 255 0	255 255 0	255 255 0	255 255 0	255 255 0	255 255 0	255 255 0	0 255 255	0 255 255	0 255 255	0 255 255	0 255 255	255 255 0	255 0 255	255 0 255	255 0 255	
27 41 221	0 0 255	0 0 255	0 255 0	0 255 0	0 255 0	0 255 0	255 0 0	255 0 0	255 0 0	255 0 0	255 0 0	255 0 0	255 0 0	255 0 0	255 0 0	255 0 0	255 0 0	255 0 0	255 0 0	255 0 0	255 0 0	255 0 0	255 0 0	134 3 106	0 255 0	0 255 0	0 255 0	0 255 0	0 255 0	0 255 0	250 225 100	255 255 0	255 255 0	255 255 0	255 255 0	255 255 0	255 255 0	255 255 0	255 255 0	255 255 0	0 255 255	0 255 255	0 255 255	0 255 255	0 255 255	255 255 0	255 0 255	255 0 255	255 0 255	
0 0 255	0 0 255	0 0 255	0 255 0	0 255 0	0 255 0	0 255 0	255 0 0	255 0 0	255 0 0	255 0 0	255 0 0	255 0 0	255 0 0	255 0 0	255 0 0	255 0 0	255 0 0	255 0 0	255 0 0	255 0 0	255 0 0	255 0 0	255 0 0	255 0 0	0 255 0	0 255 0	0 255 0	0 255 0	0 255 0	0 255 0	255 255 0	255 255 0	255 255 0	255 255 0	255 255 0	255 255 0	255 255 0	255 255 0	255 255 0	255 255 0	0 255 255	0 255 255	0 255 255	0 255 255	0 255 255	255 255 0	255 0 255	255 0 255	255 0 255	
0 0 255	0 0 255	0 0 255	0 255 0	0 255 0	0 255 0	0 255 0	255 0 0	255 0 0	255 0 0	255 0 0	255 0 0	255 0 0	255 0 0	255 0 0	255 0 0	255 0 0	255 0 0	255 0 0	255 0 0	255 0 0	255 0 0	255 0 0	255 0 0	255 0 0	0 255 0	0 255 0	0 255 0	74 152 49	0 255 0	0 255 0	255 255 0	255 255 0	255 255 0	255 255 0	255 255 0	255 255 0	255 255 0	255 255 0	255 255 0	255 255 0	0 255 255	0 255 255	0 255 255	0 255 255	0 255 255	255 255 0	255 0 255	255 0 255	255 0 255	
0 0 255	56 9 155	0 0 255	0 255 0	0 255 0	0 255 0	0 255 0	255 0 0	255 0 0	255 0 0	255 0 0	255 0 0	255 0 0	255 0 0	255 0 0	255 0 0	255 0 0	255 0 0	255 0 0	255 0 0	255 0 0	255 0 0	255 0 0	255 0 0	255 0 0	0 255 0	0 255 0	0 255 0	0 255 0	0 255 0	0 255 0	255 255 0	255 255 0	255 255 0	255 255 0	255 255 0	255 255 0	255 255 0	255 255 0	255 255 0	255 255 0	0 255 255	0 255 255	0 255 255	0 255 255	0 255 255	255 255 0	255 0 255	255 0 255	255 0 255	
0 0 255	0 0 255	0 0 255	0 255 0	0 255 0	0 255 0	0 255 0	255 0 0	255 0 0	255 0 0	255 0 0	255 0 0	255 0 0	255 0 0	255 0 0	255 0 0	255 0 0	255 0 0	255 0 0	255 0 0	255 0 0	255 0 0	255 0 0	255 0 0	255 0 0	0 255 0	0 255 0	0 255 0	0 255 0	0 255 0	0 255 0	255 255 0	255 255 0	255 255 0	255 255 0	255 255 0	255 255 0	255 255 0	255 255 0	255 255 0	255 255 0	0 255 255	0 255 255	0 255 255	0 255 255	0 255 255	255 255 0	255 0 255	255 0 255	255 0 255	
0 0 255	0 0 255	0 0 255	0 255 0	0 255 0	0 255 0	0 255 0	255 0 0	255 0 0	255 0 0	255 0 0	255 0 0	255 0 0	255 0 0	255 0 0	255 0 0	255 0 0	255 0 0	161 5 21	238 63 56	255 0 0	255 0 0	255 0 0	255 0 0	255 0 0	0 255 0	0 255 0	0 255 0	0 255 0	0 255 0	0 255 0	255 255 0	255 255 0	255 255 0	255 255 0	255 255 0	255 255 0	255 255 0	255 255 0	255 255 0	255 255 0	0 255 255	0 255 255	0 255 255	0 255 255	0 255 255	255 255 0	255 0 255	255 0 255	255 0 255	
0 0 255	0 0 255	0 0 255	0 255 0	0 255 0	0 255 0	0 255 0	255 0 0	255 0 0	255 0 0	255 0 0	255 0 0	255 0 0	255 0 0	250 108 19	255 0 0	255 0 0	255 0 0	255 0 0	255 0 0	255 0 0	255 0 0	255 0 0	140 63 82	255 0 0	0 255 0	0 255 0	0 255 0	0 255 0	0 255 0	0 255 0	184 200 51	255 255 0	255 255 0	255 255 0	255 255 0	255 255 0	255 255 0	255 255 0	255 255 0	255 255 0	0 255 255	0 255 255	0 255 255	0 255 255	0 255 255	255 255 0	255 0 255	255 0 255	255 0 255	
0 0 255	0 0 255	0 0 255	0 255 0	0 255 0	0 255 0	0 255 0	255 0 0	255 0 0	255 0 0	255 0 0	255 0 0	255 0 0	255 0 0	255 0 0	255 0 0	255 0 0	255 0 0	255 0 0	255 0 0	255 0 0	255 0 0	255 0 0	255 0 0	255 0 0	0 255 0	0 255 0	0 255 0	0 255 0	0 255 0	0 255 0	255 255 0	255 255 0	255 255 0	255 255 0	255 255 0	255 255 0	255 255 0	255 255 0	255 255 0	255 255 0	0 255 255	0 255 255	0 255 255	0 255 255	0 255 255	255 255 0	255 0 255	255 0 255	255 0 255	
0 0 255	0 0 255	0 0 255	0 255 0	0 255 0	0 255 0	0 255 0	255 0 0	255 0 0	255 0 0	255 0 0	255 0 0	255 0 0	255 0 0	255 0 0	255 0 0	255 0 0	255 0 0	255 0 0	255 0 0	255 0 0	255 0 0	255 0 0	255 0 0	255 0 0	0 255 0	0 255 0	0 255 0	0 255 0	0 255 0	0 255 0	255 255 0	255 255 0	255 255 0	255 255 0	255 255 0	255 255 0	255 255 0	255 255 0	255 255 0	255 255 0	0 255 255	0 255 255	255 255 0	255 255 0	255 255 0	255 255 0	255 0 255	255 0 255	255 0 255	
0 0 255	0 0 255	0 0 255	0 255 0	0 255 0	0 255 0	0 255 0	255 0 0	255 0 0	255 0 0	255 0 0	232 66 88	153 118 63	255 0 0	255 0 0	255 0 0	255 0 0	255 0 0	255 0 0	255 0 0	255 0 0	255 0 0	255 0 0	255 0 0	255 0 0	0 255 0	0 255 0	0 255 0	0 255 0	0 255 0	0 255 0	255 255 0	255 255 0	255 255 0	255 255 0	255 255 0	255 255 0	255 255 0	255 255 0	255 255 0	255 255 0	0 255 255	0 255 255	255 255 0	255 255 0	255 255 0	255 255 0	255 0 255	255 0 255	255 0 255	
0 0 255	0 0 255	0 0 255	0 255 0	0 255 0	0 255 0	0 255 0	255 0 0	255 0 0	255 0 0	255 0 0	255 0 0	255 0 0	255 0 0	255 0 0	255 0 0	255 0 0	255 0 0	255 0 0	255 0 0	255 0 0	255 0 0	255 0 0	255 0 0	255 0 0	0 255 0	0 255 0	0 255 0	0 255 0	0 255 0	0 255 0	255 255 0	255 255 0	255 255 0	255 255 0	255 255 0	255 255 0	255 255 0	255 255 0	255 255 0	255 255 0	255 255 0	0 255 255	217 127 203	146 60 131	56 41 217	46 207 96	255 0 255	255 0 255	255 0 255	
0 0 255	0 0 255	0 0 255	0 255 0	0 255 0	0 255 0	0 255 0	255 0 0	255 0 0	255 0 0	255 0 0	255 0 0	255 0 0	255 0 0	255 0 0	255 0 0	255 0 0	255 0 0	255 0 0	255 0 0	255 0 0	255 0 0	255 0 0	255 0 0	255 0 0	0 255 0	0 255 0	0 255 0	0 255 0	0 255 0	0 255 0	255 255 255	255 255 255	255 255 255	255 255 255	255 255 255	255 255 255	255 255 255	255 255 255	255 255 255	255 255 255	255 255 255	255 255 255	255 255 255	255 255 255	255 255 255	255 255 255	255 0 255	255 0 255	255 0 255	
0 0 255	0 0 255	0 0 255	0 255 0	0 255 0	0 255 0	0 255 0	255 0 0	255 0 0	255 0 0	255 0 0	255 0 0	255 0 0	255 0 0	255 0 0	255 0 0	255 0 0	255 0 0	255 0 0	255 0 0	255 0 0	255 0 0	255 0 0	255 0 0	255 0 0	0 255 0	0 255 0	0 255 0	0 255 0	0 255 0	0 255 0	255 255 255	255 255 255	255 255 255	255 255 255	255 255 255	255 255 255	255 255 255	255 255 255	255 255 255	255 255 255	255 255 255	255 255 255	255 255 255	255 255 255	255 255 255	255 255 255	255 0 255	255 0 255	255 0 255	
0 0 255	0 0 255	0 0 255	0 255 0	0 255 0	0 255 0	0 255 0	255 0 255	255 0 255	255 0 255	255 0 255	255 0 255	255 0 255	255 0 255	255 0 255	255 0 255	255 0 255	255 0 255	255 0 255	255 0 255	255 0 255	255 0 255	255 0 255	255 0 255	255 0 255	0 255 0	0 255 0	0 255 0	0 255 0	0 255 0	0 255 0	255 255 255	255 255 255	0 255 255	0 255 255	0 255 255	0 255 255	0 255 255	0 255 255	0 255 255	0 255 255	0 255 255	0 255 255	0 255 255	0 255 255	255 255 255	255 255 255	255 0 255	255 0 255	255 0 255	
0 0 255	0 0 255	0 0 255	0 255 0	0 255 0	0 255 0	0 255 0	255 0 255	255 0 255	255 0 255	255 0 255	171 46 187	255 0 255	255 0 255	255 0 255	255 0 255	255 0 255	255 0 255	255 0 255	255 0 255	255 0 255	255 0 255	255 0 255	255 0 255	255 0 255	0 255 0	0 255 0	0 255 0	0 255 0	0 255 0	0 255 0	255 255 255	255 255 255	0 255 255	0 255 255	0 255 255	0 255 255	0 255 255	0 255 255	0 255 255	0 255 255	0 255 255	0 255 255	0 255 255	0 255 255	255 255 255	255 255 255	255 0 255	255 0 255	255 0 255	
0 0 255	0 0 255	0 0 255	29 124 187	107 24 190	9 109 141	0 0 255	255 0 255	255 0 255	255 0 255	255 0 255	255 0 255	255 0 255	255 0 255	255 0 255	255 0 255	255 0 255	255 0 255	255 0 255	255 0 255	255 0 255	255 0 255	255 0 255	255 0 255	255 0 255	0 0 255	0 0 255	0 0 255	0 0 255	0 0 255	0 0 255	255 255 255	255 255 255	0 255 255	0 255 255	0 255 255	255 255 255	255 255 255	255 255 255	255 255 255	255 255 255	255 255 255	255 255 255	0 255 255	0 255 255	255 255 255	255 255 255	255 0 255	255 0 255	255 0 255	
0 0 255	0 0 255	0 0 255	0 0 255	63 52 202	0 0 255	0 0 255	255 0 255	255 0 255	255 0 255	255 0 255	255 0 255	255 0 255	255 0 255	255 0 255	255 0 255	255 0 255	255 0 255	255 0 255	255 0 255	255 0 255	255 0 255	255 0 255	255 0 255	255 0 255	0 0 255	0 0 255	0 0 255	0 0 255	0 0 255	0 0 255	255 255 255	255 255 255	0 255 255	0 255 255	0 255 255	255 255 255	255 255 255	255 255 255	255 255 255	255 255 255	255 255 255	255 255 255	0 255 255	0 255 255	255 255 255	255 255 255	255 0 255	255 0 255	255 0 255	
0 0 255	0 0 255	0 0 255	0 0 255	0 0 255	0 0 255	0 0 255	255 0 255	255 0 255	255 0 255	255 0 255	255 0 255	255 0 255	255 0 255	255 0 255	255 0 255	255 0 255	255 0 255	255 0 255	255 0 255	255 0 255	255 0 255	255 0 255	255 0 255	255 0 255	0 0 255	0 0 255	0 0 255	0 0 255	0 0 255	0 0 255	255 255 255	255 255 255	0 255 255	0 255 255	0 255 255	255 255 255	255 255 255	21 40 126	170 93 93	87 13 190	255 255 255	255 255 255	0 255 255	0 255 255	255 255 255	255 255 255	255 0 255	255 0 255	255 0 255	
0 0 255	0 0 255	0 0 255	0 0 255	0 0 255	0 0 255	0 0 255	255 0 255	255 0 255	255 0 255	255 0 255	255 0 255	255 0 255	255 0 255	255 0 255	255 0 255	255 0 255	255 0 255	255 0 255	255 0 255	255 0 255	255 0 255	255 0 255	255 0 255	255 0 255	0 0 255	0 0 255	0 0 255	0 0 255	0 0 255	0 0 255	255 255 255	255 255 255	0 255 255	0 255 255	0 255 255	255 255 255	255 255 255	139 148 88	115 34 56	196 98 91	255 255 255	255 255 255	0 255 255	0 255 255	255 255 255	255 255 255	255 0 255	255 0 255	255 0 255	
0 0 255	0 0 255	0 0 255	0 0 255	0 0 255	0 0 255	0 0 255	255 0 255	255 0 255	255 0 255	255 0 255	255 0 255	255 0 255	255 0 255	255 0 255	255 0 255	253 14 221	255 0 255	255 0 255	255 0 255	255 0 255	255 0 255	255 0 255	255 0 255	255 0 255	0 0 255	0 0 255	0 0 255	0 0 255	0 0 255	0 0 255	255 255 255	255 255 255	0 255 255	0 255 255	0 255 255	255 255 255	255 255 255	194 139 219	94 53 240	86 253 68	255 255 255	255 255 255	0 255 255	0 255 255	255 255 255	255 255 255	255 0 255	255 0 255	255 0 255	
0 0 255	0 0 255	0 0 255	0 0 255	0 0 255	0 0 255	0 0 255	255 0 255	255 0 255	255 0 255	255 0 255	255 0 255	255 0 255	255 0 255	255 0 255	255 0 255	255 0 255	255 0 255	255 0 255	255 0 255	255 0 255	255 0 255	255 0 255	255 0 255	255 0 255	0 0 255	0 0 255	0 0 255	0 0 255	0 0 255	0 0 255	255 255 255	255 255 255	0 255 255	0 255 255	0 255 255	255 255 255	218 168 182	240 234 130	255 255 255	226 44 18	255 255 255	255 255 255	0 255 255	0 255 255	255 255 255	255 255 255	224 100 136	255 0 255	255 0 255	
0 0 255	0 0 255	0 0 255	0 0 255	0 0 255	0 0 255	0 0 255	255 0 255	255 0 255	255 0 255	255 0 255	255 0 255	255 0 255	255 0 255	255 0 255	255 0 255	255 0 255	255 0 255	255 0 255	255 0 255	255 0 255	140 9 185	255 0 255	255 0 255	255 0 255	0 0 255	0 0 255	0 0 255	0 0 255	0 0 255	0 0 255	255 255 255	255 255 255	0 255 255	0 255 255	0 255 255	255 255 255	116 119 84	169 253 10	255 255 255	51 140 241	255 255 255	255 255 255	0 255 255	0 255 255	255 255 255	255 255 255	255 0 255	255 0 255	255 0 255	
0 0 255	0 0 255	0 0 255	0 0 255	0 0 255	0 0 255	0 0 255	255 0 255	255 0 255	255 0 255	255 0 255	255 0 255	255 0 255	255 0 255	255 0 255	255 0 255	255 0 255	255 0 255	255 0 255	255 0 255	255 0 255	255 0 255	255 0 255	255 0 255	255 0 255	0 0 255	0 0 255	0 0 255	0 0 255	0 0 255	0 0 255	255 255 255	255 255 255	0 255 255	0 255 255	0 255 255	255 255 255	109 54 76	200 52 80	255 255 255	52 219 242	255 255 255	255 255 255	0 255 255	0 255 255	255 255 255	255 255 255	255 0 255	255 0 255	255 0 255	
0 0 255	0 0 255	0 0 255	0 0 255	0 0 255	0 0 255	0 0 255	255 0 255	255 0 255	255 0 255	255 0 255	255 0 255	255 0 255	255 0 255	255 0 255	255 0 255	255 0 255	255 0 255	255 0 255	255 0 255	255 0 255	255 0 255	255 0 255	255 0 255	255 0 255	0 0 255	0 0 255	0 0 255	0 0 255	0 0 255	0 0 255	255 255 255	255 255 255	0 255 255	0 255 255	0 255 255	255 255 255	54 104 66	5 5 197	255 255 255	255 255 255	255 255 255	255 255 255	0 255 255	0 255 255	255 255 255	255 255 255	255 0 255	255 0 255	255 0 255	
0 0 255	0 0 255	0 0 255	0 0 255	0 0 255	0 0 255	0 0 255	255 0 255	200 116 227	129 97 243	255 0 255	255 0 255	255 0 255	255 0 255	255 0 255	255 0 255	255 0 255	255 0 255	255 0 255	255 0 255	255 0 255	182 80 157	255 0 255	255 0 255	255 0 255	0 0 255	0 0 255	0 0 255	0 0 255	0 0 255	0 0 255	255 255 255	255 255 255	0 255 255	0 255 255	0 255 255	255 255 255	255 255 255	255 255 255	255 255 255	255 255 255	255 255 255	255 255 255	0 255 255	0 255 255	255 255 255	255 255 255	255 0 255	255 0 255	255 0 255	
0 0 255	0 0 255	53 14 161	0 0 255	0 0 255	0 0 255	0 0 255	255 0 255	255 0 255	255 0 255	255 0 255	255 0 255	255 0 255	255 0 255	255 0 255	255 0 255	255 0 255	255 0 255	255 0 255	255 0 255	255 0 255	255 0 255	255 0 255	255 0 255	255 0 255	0 0 255	0 0 255	0 0 255	0 0 255	0 0 255	0 0 255	255 255 255	255 255 255	0 255 255	0 255 255	0 255 255	255 255 255	255 255 255	255 255 255	255 255 255	255 255 255	255 255 255	255 255 255	0 255 255	0 255 255	255 255 255	255 255 255	255 0 255	255 0 255	255 0 255	
0 0 255	0 0 255	0 0 255	0 0 255	0 0 255	0 0 255	0 0 255	255 0 255	255 0 255	255 0 255	255 0 255	255 0 255	255 0 255	255 0 255	255 0 255	255 0 255	255 0 255	255 0 255	255 0 255	255 0 255	255 0 255	255 0 255	255 0 255	255 0 255	255 0 255	0 0 255	0 0 255	0 0 255	0 0 255	0 0 255	0 0 255	255 255 255	255 255 255	0 255 255	0 255 255	0 255 255	255 255 255	255 255 255	255 255 255	255 255 255	255 255 255	255 255 255	255 255 255	0 255 255	0 255 255	255 255 255	255 255 255	204 109 115	255 0 255	255 0 255	
0 0 255	0 0 255	0 0 255	0 0 255	0 0 255	0 0 255	0 0 255	255 0 255	255 0 255	255 0 255	255 0 255	255 0 255	255 0 255	255 0 255	255 0 255	255 0 255	255 0 255	255 0 255	255 0 255	255 0 255	255 0 255	255 0 255	255 0 255	255 0 255	255 0 255	0 0 255	0 0 255	0 0 255	0 0 255	0 0 255	0 0 255	255 255 255	255 255 255	0 255 255	0 255 255	0 255 255	0 255 255	0 255 255	0 255 255	0 255 255	0 255 255	0 255 255	0 255 255	0 255 255	0 255 255	255 255 255	255 255 255	180 41 138	255 0 255	255 0 255	
